# Alignment: drive - Cross Section Top Surface 2 Point File 
# File Format: [Point Number] [Easting] [Northing] [Elevation]
# Sta: 10000.000 - Top Surface 2
1 3896.983460 3354.287606 150.803000
# Sta: 10002.270 - Top Surface 2
2 3895.145641 3355.619507 150.770700
# Sta: 10003.262 - Top Surface 2
3 3894.342035 3356.201894 150.756576
# Sta: 10004.836 - Top Surface 2
4 3893.067643 3357.125469 150.734178
# Sta: 10008.085 - Top Surface 2
5 3890.436672 3359.032181 150.687938
# Sta: 10008.362 - Top Surface 2
6 3880.348337 3345.582736 150.851185
7 3880.825317 3346.240895 150.715715
8 3880.972022 3346.443325 150.713215
9 3881.852248 3347.657903 150.463215
10 3881.998953 3347.860333 150.460715
11 3881.879180 3349.074912 150.210715
12 3883.055225 3349.317827 150.210715
13 3884.111497 3350.775321 150.510715
14 3887.708845 3355.739110 150.612886
15 3890.212914 3359.194343 150.684006
16 3892.716983 3362.649575 150.612886
17 3893.521863 3363.760186 150.590026
18 3894.578135 3365.217680 150.290026
19 3894.754181 3365.460595 150.290026
20 3895.634407 3366.675174 150.540026
21 3895.781112 3366.877603 150.542526
22 3896.408860 3367.743800 150.720817
# Sta: 10008.502 - Top Surface 2
23 3880.580547 3346.142987 150.854869
24 3881.015406 3346.743025 150.731361
25 3881.162110 3346.945455 150.728861
26 3882.042337 3348.160033 150.478861
27 3882.189042 3348.362463 150.476361
28 3883.069269 3349.577041 150.226361
29 3883.245314 3349.819957 150.226361
30 3884.301586 3351.277451 150.526361
31 3887.594885 3355.821699 150.619897
32 3890.098954 3359.276931 150.691017
33 3892.603024 3362.732164 150.619897
34 3893.407903 3363.842774 150.597037
35 3894.464175 3365.300268 150.297037
36 3894.640221 3365.543184 150.297037
37 3895.520448 3366.757763 150.547037
38 3895.667152 3366.960192 150.549537
39 3896.280395 3367.806374 150.723709
# Sta: 10008.645 - Top Surface 2
40 3880.734930 3346.598956 150.858330
41 3881.133522 3347.148952 150.745123
42 3881.280226 3347.351382 150.742623
43 3882.160453 3348.565960 150.492623
44 3882.307158 3348.768390 150.490123
45 3883.187384 3349.982969 150.240123
46 3883.363430 3350.225884 150.240123
47 3884.419702 3351.683378 150.540123
48 3887.479447 3355.905358 150.627025
49 3889.983517 3359.360591 150.698145
50 3892.487586 3362.815824 150.627025
51 3893.292465 3363.926434 150.604165
52 3894.348738 3365.383928 150.304165
53 3894.524783 3365.626844 150.304165
54 3895.405010 3366.841422 150.554165
55 3895.551714 3367.043852 150.556665
56 3896.150182 3367.869645 150.726641
# Sta: 10008.787 - Top Surface 2
57 3880.845745 3346.994811 150.861646
58 3881.211566 3347.499587 150.757747
59 3881.358270 3347.702017 150.755247
60 3882.238497 3348.916595 150.505247
61 3882.385201 3349.119025 150.502747
62 3883.265428 3350.333603 150.252747
63 3883.441474 3350.576519 150.252747
64 3884.497746 3352.034013 150.552747
65 3887.364010 3355.989018 150.634154
66 3889.868079 3359.444251 150.705274
67 3892.372148 3362.899483 150.634154
68 3893.177028 3364.010094 150.611294
69 3894.233300 3365.467588 150.311294
70 3894.409346 3365.710504 150.311294
71 3895.289572 3366.925082 150.561294
72 3895.436277 3367.127512 150.563794
73 3896.019968 3367.932917 150.729572
# Sta: 10008.837 - Top Surface 2
74 3880.877370 3347.123653 150.862785
75 3881.232277 3347.613371 150.761985
76 3881.378982 3347.815801 150.759485
77 3882.259209 3349.030379 150.509485
78 3882.405913 3349.232809 150.506985
79 3883.286140 3350.447388 150.256985
80 3883.462185 3350.690303 150.256985
81 3884.518458 3352.147797 150.556985
82 3887.323524 3356.018359 150.636654
83 3889.827593 3359.473592 150.707774
84 3892.331662 3362.928824 150.636654
85 3893.136542 3364.039435 150.613794
86 3894.192814 3365.496929 150.313794
87 3894.368860 3365.739844 150.313794
88 3895.249086 3366.954423 150.563794
89 3895.395791 3367.156853 150.566294
90 3895.974300 3367.955107 150.730600
# Sta: 10008.874 - Top Surface 2
91 3880.898639 3347.215610 150.863615
92 3881.245685 3347.694481 150.765047
93 3881.392390 3347.896911 150.762547
94 3882.272617 3349.111489 150.512547
95 3882.419321 3349.313919 150.510047
96 3883.299548 3350.528497 150.260047
97 3883.475594 3350.771413 150.260047
98 3884.531866 3352.228907 150.560047
99 3887.293775 3356.039919 150.638491
100 3889.660672 3359.305875 150.705715
101 3889.693151 3359.350690 150.786684
102 3889.775107 3359.463777 150.786684
103 3889.797844 3359.495151 150.787483
104 3889.820581 3359.526525 150.786684
105 3889.902537 3359.639612 150.786684
106 3889.935016 3359.684428 150.705715
107 3892.301913 3362.950384 150.638491
108 3893.106793 3364.060994 150.615631
109 3894.163065 3365.518488 150.315631
110 3894.339110 3365.761404 150.315631
111 3895.219337 3366.975982 150.565631
112 3895.366042 3367.178412 150.568131
113 3895.940744 3367.971413 150.731356
# Sta: 10008.974 - Top Surface 2
114 3880.949075 3347.455377 150.865846
115 3881.275348 3347.905582 150.773179
116 3881.422052 3348.108012 150.770679
117 3882.302279 3349.322591 150.520679
118 3882.448983 3349.525020 150.518179
119 3883.329210 3350.739599 150.268179
120 3883.505256 3350.982514 150.268179
121 3884.561528 3352.440008 150.568179
122 3887.212916 3356.098518 150.643484
123 3889.461522 3359.201250 150.707348
124 3889.494000 3359.246065 150.788317
125 3889.575957 3359.359153 150.788317
126 3889.716985 3359.553751 150.793273
127 3889.858014 3359.748349 150.788317
128 3889.939971 3359.861436 150.788317
129 3889.972449 3359.906252 150.707348
130 3892.221055 3363.008984 150.643484
131 3893.025934 3364.119594 150.620624
132 3894.082207 3365.577088 150.320624
133 3894.258252 3365.820004 150.320624
134 3895.138479 3367.034582 150.570624
135 3895.285183 3367.237012 150.573124
136 3895.849535 3368.015731 150.733409
# Sta: 10009.134 - Top Surface 2
137 3881.011228 3347.813880 150.869361
138 3881.305703 3348.220210 150.785725
139 3881.452407 3348.422640 150.783225
140 3882.332634 3349.637219 150.533225
141 3882.479339 3349.839648 150.530725
142 3883.359566 3351.054227 150.280725
143 3883.535611 3351.297142 150.280725
144 3884.591883 3352.754636 150.580725
145 3887.083321 3356.192439 150.651486
146 3889.233303 3359.159086 150.712549
147 3889.265782 3359.203901 150.793518
148 3889.347738 3359.316988 150.793518
149 3889.587390 3359.647671 150.801940
150 3889.827042 3359.978354 150.793518
151 3889.908998 3360.091441 150.793518
152 3889.941477 3360.136257 150.712549
153 3892.091459 3363.102904 150.651486
154 3892.896339 3364.213514 150.628626
155 3893.952611 3365.671008 150.328626
156 3894.128656 3365.913924 150.328626
157 3895.008883 3367.128502 150.578626
158 3895.155588 3367.330932 150.581126
159 3895.703352 3368.086763 150.736701
# Sta: 10009.289 - Top Surface 2
160 3881.053903 3348.136765 150.872704
161 3881.319002 3348.502562 150.797411
162 3881.465707 3348.704991 150.794911
163 3882.345934 3349.919570 150.544911
164 3882.492638 3350.121999 150.542411
165 3883.372865 3351.336578 150.292411
166 3883.548910 3351.579494 150.292411
167 3884.605183 3353.036988 150.592411
168 3886.957879 3356.283348 150.659232
169 3889.053582 3359.175097 150.718754
170 3889.086060 3359.219913 150.799723
171 3889.168017 3359.333000 150.799723
172 3889.461948 3359.738581 150.810051
173 3889.755880 3360.144162 150.799723
174 3889.837836 3360.257249 150.799723
175 3889.870315 3360.302065 150.718754
176 3891.966018 3363.193814 150.659232
177 3892.770897 3364.304424 150.636372
178 3893.827169 3365.761918 150.336372
179 3894.003215 3366.004834 150.336372
180 3894.883442 3367.219412 150.586372
181 3895.030146 3367.421842 150.588872
182 3895.561854 3368.155518 150.739886
# Sta: 10009.477 - Top Surface 2
183 3881.087348 3348.503388 150.876701
184 3881.318260 3348.822012 150.811118
185 3881.464964 3349.024441 150.808618
186 3882.345191 3350.239020 150.558618
187 3882.491896 3350.441449 150.556118
188 3883.372123 3351.656028 150.306118
189 3883.548168 3351.898943 150.306118
190 3884.604440 3353.356438 150.606118
191 3886.805603 3356.393705 150.668635
192 3888.868321 3359.239940 150.727220
193 3888.900800 3359.284756 150.808189
194 3888.982756 3359.397843 150.808189
195 3889.309673 3359.848938 150.819677
196 3889.636589 3360.300033 150.808189
197 3889.718546 3360.413120 150.808189
198 3889.751024 3360.457936 150.727220
199 3891.813742 3363.304171 150.668635
200 3892.618621 3364.414781 150.645775
201 3893.674894 3365.872275 150.345775
202 3893.850939 3366.115191 150.345775
203 3894.731166 3367.329769 150.595775
204 3894.877870 3367.532199 150.598275
205 3895.390088 3368.238980 150.743754
# Sta: 10009.704 - Top Surface 2
206 3881.106108 3348.916566 150.881459
207 3881.297443 3349.180579 150.827117
208 3881.444147 3349.383009 150.824617
209 3882.324374 3350.597587 150.574617
210 3882.471078 3350.800017 150.572117
211 3883.351305 3352.014595 150.322117
212 3883.527351 3352.257511 150.322117
213 3884.583623 3353.715005 150.622117
214 3886.621578 3356.527071 150.679999
215 3888.678492 3359.365298 150.738419
216 3888.710971 3359.410114 150.819388
217 3888.792927 3359.523201 150.819388
218 3889.125648 3359.982304 150.831079
219 3889.458368 3360.441407 150.819388
220 3889.540324 3360.554494 150.819388
221 3889.572803 3360.599310 150.738419
222 3891.629717 3363.437537 150.679999
223 3892.434597 3364.548147 150.657139
224 3893.490869 3366.005641 150.357139
225 3893.666914 3366.248557 150.357139
226 3894.547141 3367.463135 150.607139
227 3894.693846 3367.665565 150.609639
228 3895.182508 3368.339844 150.748427
# Sta: 10009.928 - Top Surface 2
229 3881.105684 3349.296901 150.886076
230 3881.259607 3349.509290 150.842359
231 3881.406311 3349.711720 150.839859
232 3882.286538 3350.926298 150.589859
233 3882.433243 3351.128728 150.587359
234 3883.313470 3352.343306 150.337359
235 3883.489515 3352.586222 150.337359
236 3884.545787 3354.043716 150.637359
237 3886.440582 3356.658243 150.691175
238 3888.497496 3359.496470 150.749595
239 3888.529975 3359.541285 150.830564
240 3888.611931 3359.654372 150.830564
241 3888.944651 3360.113475 150.842256
242 3889.277372 3360.572579 150.830564
243 3889.359328 3360.685666 150.830564
244 3889.391807 3360.730481 150.749595
245 3891.448721 3363.568708 150.691175
246 3892.253600 3364.679319 150.668315
247 3893.309872 3366.136813 150.368315
248 3893.485918 3366.379728 150.368315
249 3894.366145 3367.594307 150.618315
250 3894.512849 3367.796736 150.620815
251 3894.978345 3368.439049 150.753024
# Sta: 10010.086 - Top Surface 2
252 3881.095812 3349.552629 150.889309
253 3881.224048 3349.729575 150.852888
254 3881.370752 3349.932004 150.850388
255 3882.250979 3351.146583 150.600388
256 3882.397683 3351.349013 150.597888
257 3883.277910 3352.563591 150.347888
258 3883.453956 3352.806507 150.347888
259 3884.510228 3354.264001 150.647888
260 3886.312598 3356.750995 150.699078
261 3888.369512 3359.589222 150.757498
262 3888.401991 3359.634038 150.838467
263 3888.483947 3359.747125 150.838467
264 3888.816667 3360.206228 150.850159
265 3889.149387 3360.665331 150.838467
266 3889.231344 3360.778418 150.838467
267 3889.263822 3360.823234 150.757498
268 3891.320737 3363.661460 150.699078
269 3892.125616 3364.772071 150.676218
270 3893.181888 3366.229565 150.376218
271 3893.357934 3366.472481 150.376218
272 3894.238160 3367.687059 150.626218
273 3894.384865 3367.889489 150.628718
274 3894.833979 3368.509197 150.756274
# Sta: 10011.921 - Top Surface 2
275 3880.750044 3352.202643 150.918726
276 3881.476677 3353.205284 150.712350
277 3881.623381 3353.407714 150.709850
278 3882.503608 3354.622292 150.459850
279 3882.679653 3354.865208 150.459850
280 3883.735925 3356.322702 150.759850
281 3884.826723 3357.827836 150.790831
282 3886.883637 3360.666062 150.849251
283 3886.916116 3360.710878 150.930220
284 3886.998072 3360.823965 150.930220
285 3887.330792 3361.283068 150.941911
286 3887.663513 3361.742171 150.930220
287 3887.745469 3361.855258 150.930220
288 3887.777948 3361.900074 150.849251
289 3889.834862 3364.738301 150.790831
290 3890.639741 3365.848911 150.767971
291 3891.696013 3367.306405 150.467971
292 3891.872059 3367.549321 150.467971
293 3892.752286 3368.763899 150.717971
294 3892.898990 3368.966329 150.720471
295 3893.157916 3369.323607 150.794010
# Sta: 10014.309 - Top Surface 2
296 3879.409721 3354.422761 150.958933
297 3879.828913 3355.001181 150.839875
298 3879.975617 3355.203611 150.837375
299 3880.855844 3356.418189 150.587375
300 3881.031890 3356.661105 150.587375
301 3882.088162 3358.118599 150.887375
302 3882.893041 3359.229210 150.910235
303 3884.949955 3362.067436 150.968655
304 3884.982434 3362.112252 151.049624
305 3885.064390 3362.225339 151.049624
306 3885.397111 3362.684442 151.061316
307 3885.729831 3363.143545 151.049624
308 3885.811787 3363.256632 151.049624
309 3885.844266 3363.301448 150.968655
310 3887.901180 3366.139675 150.910235
311 3888.706060 3367.250285 150.887375
312 3889.762332 3368.707779 150.587375
313 3889.938377 3368.950695 150.587375
314 3890.818604 3370.165273 150.837375
315 3890.965309 3370.367703 150.839875
316 3890.974729 3370.380702 150.842551
# Sta: 10015.000 - Top Surface 2
317 3878.930563 3354.938963 150.970678
318 3879.269478 3355.406614 150.874420
319 3879.416183 3355.609043 150.871920
320 3880.296409 3356.823622 150.621920
321 3880.472455 3357.066537 150.621920
322 3881.528727 3358.524032 150.921920
323 3882.333607 3359.634642 150.944780
324 3884.390521 3362.472869 151.003200
325 3884.422999 3362.517684 151.084169
326 3884.504956 3362.630772 151.084169
327 3884.837676 3363.089875 151.095861
328 3885.170396 3363.548978 151.084169
329 3885.252353 3363.662065 151.084169
330 3885.284831 3363.706880 151.003200
331 3887.341745 3366.545107 150.944780
332 3888.146625 3367.655718 150.921920
333 3889.202897 3369.113212 150.621920
334 3889.378942 3369.356127 150.621920
335 3890.225060 3370.523641 150.862232
# Sta: 10030.000 - Top Surface 2
336 3868.503822 3366.113247 151.362391
337 3868.649421 3366.314152 151.424420
338 3868.796125 3366.516581 151.421920
339 3869.382943 3367.326300 151.671920
340 3870.187823 3368.436911 151.694780
341 3872.244737 3371.275138 151.753200
342 3872.277215 3371.319953 151.834169
343 3872.359172 3371.433040 151.834169
344 3872.691892 3371.892143 151.845861
345 3873.024612 3372.351246 151.834169
346 3873.106569 3372.464334 151.834169
347 3873.139047 3372.509149 151.753200
348 3875.195961 3375.347376 151.694780
349 3876.000841 3376.457986 151.671920
350 3876.587659 3377.267705 151.421920
351 3876.734363 3377.470135 151.424420
352 3877.097584 3377.971323 151.269679
# Sta: 10041.820 - Top Surface 2
353 3859.780758 3374.219578 152.249649
354 3859.811928 3374.262588 152.262929
355 3860.616807 3375.373198 152.285789
356 3862.673722 3378.211425 152.344209
357 3862.706200 3378.256241 152.425178
358 3862.788156 3378.369328 152.425178
359 3863.120877 3378.828431 152.436869
360 3863.453597 3379.287534 152.425178
361 3863.535553 3379.400621 152.425178
362 3863.568032 3379.445437 152.344209
363 3865.624946 3382.283663 152.285789
364 3866.429826 3383.394274 152.262929
365 3867.016644 3384.203993 152.012929
366 3867.163348 3384.406423 152.015429
367 3867.179107 3384.428167 152.008715
# Sta: 10042.672 - Top Surface 2
368 3856.436737 3370.809001 152.411707
369 3856.967369 3371.563149 152.258020
370 3857.111230 3371.767609 152.255520
371 3857.974400 3372.994368 152.005520
372 3858.147034 3373.239720 152.005520
373 3859.182837 3374.711831 152.305520
374 3859.972119 3375.833580 152.328380
375 3861.989174 3378.700271 152.386800
376 3862.021023 3378.745536 152.467769
377 3862.101391 3378.859757 152.467769
378 3862.427664 3379.323465 152.479461
379 3862.753937 3379.787172 152.467769
380 3862.834305 3379.901393 152.467769
381 3862.866154 3379.946658 152.386800
382 3864.883209 3382.813350 152.328380
383 3865.672491 3383.935098 152.305520
384 3866.112367 3384.560263 152.114418
# Sta: 10045.000 - Top Surface 2
385 3854.656724 3371.611016 152.583402
386 3855.338592 3372.663298 152.374420
387 3855.474542 3372.873101 152.371920
388 3856.290245 3374.131922 152.121920
389 3856.453386 3374.383686 152.121920
390 3857.432229 3375.894270 152.421920
391 3858.178108 3377.045336 152.444780
392 3860.084243 3379.986947 152.503200
393 3860.114340 3380.033395 152.584169
394 3860.190289 3380.150602 152.584169
395 3860.498620 3380.626428 152.595861
396 3860.806950 3381.102254 152.584169
397 3860.882899 3381.219461 152.584169
398 3860.912997 3381.265909 152.503200
399 3862.819131 3384.207520 152.444780
400 3863.565010 3385.358586 152.421920
401 3863.649763 3385.489379 152.382957
# Sta: 10048.768 - Top Surface 2
402 3851.633901 3372.565373 152.857375
403 3851.757775 3372.785201 152.815320
404 3851.880506 3373.003002 152.812820
405 3852.616892 3374.309806 152.562820
406 3852.739623 3374.527606 152.560320
407 3853.476008 3375.834410 152.310320
408 3853.623285 3376.095771 152.310320
409 3854.506948 3377.663935 152.610320
410 3855.180299 3378.858877 152.633180
411 3856.901085 3381.912616 152.691600
412 3856.928257 3381.960834 152.772569
413 3856.996820 3382.082508 152.772569
414 3857.275169 3382.576472 152.784261
415 3857.553519 3383.070436 152.772569
416 3857.622082 3383.192110 152.772569
417 3857.649253 3383.240329 152.691600
418 3859.370039 3386.294068 152.633180
419 3860.043390 3387.489009 152.610320
420 3860.927053 3389.057173 152.310320
421 3861.074330 3389.318534 152.310320
422 3861.796768 3390.600586 152.555585
# Sta: 10054.864 - Top Surface 2
423 3846.945237 3374.170577 153.272087
424 3847.311322 3375.005661 153.120120
425 3847.411696 3375.234627 153.117620
426 3848.013941 3376.608418 152.867620
427 3848.114315 3376.837383 152.865120
428 3848.716559 3378.211174 152.615120
429 3848.837008 3378.485932 152.615120
430 3849.559701 3380.134482 152.915120
431 3850.110393 3381.390676 152.937980
432 3851.517717 3384.600951 152.996400
433 3851.539938 3384.651641 153.077369
434 3851.596012 3384.779553 153.077369
435 3851.823657 3385.298837 153.089061
436 3852.051301 3385.818122 153.077369
437 3852.107375 3385.946033 153.077369
438 3852.129597 3385.996723 152.996400
439 3853.536921 3389.206998 152.937980
440 3854.087613 3390.463193 152.915120
441 3854.810306 3392.111742 152.615120
442 3854.930755 3392.386500 152.615120
443 3855.532999 3393.760291 152.865120
444 3855.633373 3393.989256 152.867620
445 3856.235617 3395.363047 153.117620
446 3856.335991 3395.592013 153.120120
447 3856.505116 3395.977807 153.190326
# Sta: 10060.000 - Top Surface 2
448 3843.059905 3375.502929 153.556747
449 3843.408409 3376.524057 153.376920
450 3843.489159 3376.760656 153.374420
451 3843.973659 3378.180255 153.124420
452 3844.054409 3378.416854 153.121920
453 3844.538910 3379.836453 152.871920
454 3844.635810 3380.120372 152.871920
455 3845.217210 3381.823891 153.171920
456 3845.660237 3383.121971 153.194780
457 3846.792417 3386.439289 153.253200
458 3846.810294 3386.491669 153.334169
459 3846.855405 3386.623845 153.334169
460 3847.038543 3387.160445 153.345861
461 3847.221681 3387.697044 153.334169
462 3847.266792 3387.829220 153.334169
463 3847.284669 3387.881601 153.253200
464 3848.416849 3391.198918 153.194780
465 3848.859876 3392.496999 153.171920
466 3849.441277 3394.200517 152.871920
467 3849.538177 3394.484437 152.871920
468 3850.022677 3395.904035 153.121920
469 3850.103427 3396.140635 153.124420
470 3850.587927 3397.560233 153.374420
471 3850.668677 3397.796833 153.376920
472 3851.153177 3399.216431 153.626920
473 3851.233927 3399.453031 153.629420
474 3851.265137 3399.544477 153.645524
# Sta: 10067.056 - Top Surface 2
475 3837.722448 3377.398617 153.843176
476 3837.866451 3378.063949 153.729720
477 3837.919336 3378.308291 153.727220
478 3838.236645 3379.774345 153.477220
479 3838.289530 3380.018688 153.474720
480 3838.606839 3381.484742 153.224720
481 3838.670301 3381.777953 153.224720
482 3839.051072 3383.537218 153.524720
483 3839.341219 3384.877778 153.547580
484 3840.082708 3388.303653 153.606000
485 3840.094416 3388.357748 153.686969
486 3840.123960 3388.494249 153.686969
487 3840.243901 3389.048409 153.698661
488 3840.363842 3389.602568 153.686969
489 3840.393386 3389.739070 153.686969
490 3840.405094 3389.793164 153.606000
491 3841.146582 3393.219040 153.547580
492 3841.436729 3394.559600 153.524720
493 3841.817500 3396.318865 153.224720
494 3841.880962 3396.612076 153.224720
495 3842.198271 3398.078130 153.474720
496 3842.251156 3398.322472 153.477220
497 3842.568466 3399.788526 153.727220
498 3842.621350 3400.032869 153.729720
499 3842.938660 3401.498923 153.979720
500 3842.991544 3401.743265 153.982220
501 3843.013244 3401.843523 153.999317
# Sta: 10073.152 - Top Surface 2
502 3833.037551 3379.532535 153.954605
503 3833.159992 3380.610028 153.773867
504 3833.188219 3380.858430 153.771367
505 3833.357582 3382.348838 153.521367
506 3833.391454 3382.646919 153.521367
507 3833.594689 3384.435409 153.821367
508 3833.749555 3385.798238 153.844227
509 3834.145322 3389.281024 153.902647
510 3834.151571 3389.336017 153.983616
511 3834.167340 3389.474786 153.983616
512 3834.231358 3390.038151 153.995308
513 3834.295376 3390.601516 153.983616
514 3834.311145 3390.740285 153.983616
515 3834.317394 3390.795278 153.902647
516 3834.713161 3394.278064 153.844227
517 3834.868027 3395.640893 153.821367
518 3835.071262 3397.429383 153.521367
519 3835.105134 3397.727465 153.521367
520 3835.274497 3399.217873 153.771367
521 3835.302724 3399.466274 153.773867
522 3835.472087 3400.956682 154.023867
523 3835.500314 3401.205083 154.026367
524 3835.598027 3402.064964 154.170603
# Sta: 10075.000 - Top Surface 2
525 3831.516660 3379.672295 154.038400
526 3831.607189 3380.762680 153.856043
527 3831.627874 3381.011823 153.853543
528 3831.751985 3382.506680 153.603543
529 3831.776807 3382.805651 153.603543
530 3831.925739 3384.599479 153.903543
531 3832.039225 3385.966376 153.926403
532 3832.329246 3389.459557 153.984823
533 3832.333825 3389.514714 154.065793
534 3832.345381 3389.653898 154.065793
535 3832.392294 3390.218944 154.077484
536 3832.439207 3390.783991 154.065793
537 3832.450763 3390.923174 154.065793
538 3832.455342 3390.978332 153.984823
539 3832.745363 3394.471513 153.926403
540 3832.858849 3395.838410 153.903543
541 3833.007781 3397.632238 153.603543
542 3833.032604 3397.931209 153.603543
543 3833.156714 3399.426066 153.853543
544 3833.177399 3399.675209 153.856043
545 3833.301509 3401.170065 154.106043
546 3833.322194 3401.419208 154.108543
547 3833.380015 3402.115643 154.225015
# Sta: 10079.248 - Top Surface 2
548 3828.010911 3379.842682 154.211426
549 3828.025271 3380.934717 154.029405
550 3828.028559 3381.184695 154.026905
551 3828.048283 3382.684565 153.776905
552 3828.052228 3382.984539 153.776905
553 3828.075897 3384.784384 154.076905
554 3828.093932 3386.155865 154.099765
555 3828.140024 3389.660762 154.158185
556 3828.140752 3389.716104 154.239154
557 3828.142588 3389.855755 154.239154
558 3828.150044 3390.422696 154.250846
559 3828.157499 3390.989638 154.239154
560 3828.159336 3391.129288 154.239154
561 3828.160064 3391.184630 154.158185
562 3828.206155 3394.689527 154.099765
563 3828.224191 3396.061009 154.076905
564 3828.247860 3397.860853 153.776905
565 3828.251805 3398.160827 153.776905
566 3828.271529 3399.660698 154.026905
567 3828.274816 3399.910676 154.029405
568 3828.294540 3401.410546 154.279405
569 3828.297828 3401.660525 154.281905
570 3828.312539 3402.779202 154.468367
# Sta: 10079.829 - Top Surface 2
571 3827.530900 3379.943108 154.217397
572 3827.534499 3380.938831 154.051442
573 3827.535402 3381.188829 154.048942
574 3827.540824 3382.688819 153.798942
575 3827.541909 3382.988817 153.798942
576 3827.548415 3384.788805 154.098942
577 3827.553372 3386.160396 154.121802
578 3827.566042 3389.665573 154.180222
579 3827.566242 3389.720920 154.261191
580 3827.566747 3389.860582 154.261191
581 3827.568796 3390.427569 154.272883
582 3827.570846 3390.994556 154.261191
583 3827.571351 3391.134217 154.261191
584 3827.571551 3391.189564 154.180222
585 3827.584220 3394.694741 154.121802
586 3827.589178 3396.066332 154.098942
587 3827.595684 3397.866320 153.798942
588 3827.596768 3398.166318 153.798942
589 3827.602190 3399.666308 154.048942
590 3827.603094 3399.916307 154.051442
591 3827.608516 3401.416297 154.301442
592 3827.609419 3401.666295 154.303942
593 3827.614149 3402.974910 154.522046
# Sta: 10079.964 - Top Surface 2
594 3827.419284 3379.972561 154.217590
595 3827.420639 3380.939116 154.056497
596 3827.420990 3381.189116 154.053997
597 3827.423094 3382.689114 153.803997
598 3827.423514 3382.989114 153.803997
599 3827.426039 3384.789112 154.103997
600 3827.427962 3386.160711 154.126857
601 3827.432878 3389.665908 154.185277
602 3827.432956 3389.721255 154.266246
603 3827.433152 3389.860917 154.266246
604 3827.433947 3390.427907 154.277938
605 3827.434742 3390.994897 154.266246
606 3827.434938 3391.134559 154.266246
607 3827.435015 3391.189906 154.185277
608 3827.439931 3394.695103 154.126857
609 3827.441855 3396.066701 154.103997
610 3827.444379 3397.866699 153.803997
611 3827.444800 3398.166699 153.803997
612 3827.446904 3399.666698 154.053997
613 3827.447254 3399.916697 154.056497
614 3827.449358 3401.416696 154.306497
615 3827.449708 3401.666696 154.308997
616 3827.451606 3403.019944 154.534539
# Sta: 10080.109 - Top Surface 2
617 3827.299561 3380.003862 154.217768
618 3827.298656 3380.939143 154.061888
619 3827.298415 3381.189143 154.059388
620 3827.296963 3382.689142 153.809388
621 3827.296673 3382.989142 153.809388
622 3827.294932 3384.789141 154.109388
623 3827.293605 3386.160740 154.132248
624 3827.290214 3389.665939 154.190668
625 3827.290160 3389.721286 154.271637
626 3827.290025 3389.860948 154.271637
627 3827.289477 3390.427938 154.283328
628 3827.288928 3390.994929 154.271637
629 3827.288793 3391.134591 154.271637
630 3827.288740 3391.189938 154.190668
631 3827.285349 3394.695136 154.132248
632 3827.284022 3396.066735 154.109388
633 3827.282280 3397.866735 153.809388
634 3827.281990 3398.166734 153.809388
635 3827.280539 3399.666734 154.059388
636 3827.280297 3399.916734 154.061888
637 3827.278846 3401.416733 154.311888
638 3827.278604 3401.666733 154.314388
639 3827.277249 3403.068034 154.547938
# Sta: 10080.233 - Top Surface 2
640 3827.175070 3380.036488 154.217961
641 3827.174191 3380.944621 154.066605
642 3827.173949 3381.194621 154.064105
643 3827.172498 3382.694621 153.814105
644 3827.172208 3382.994620 153.814105
645 3827.170467 3384.794620 154.114105
646 3827.169145 3386.160620 154.136872
647 3827.165744 3389.676052 154.195463
648 3827.165691 3389.731399 154.276432
649 3827.165556 3389.871061 154.276432
650 3827.165017 3390.427818 154.287912
651 3827.164478 3390.984575 154.276432
652 3827.164343 3391.124237 154.276432
653 3827.164290 3391.179584 154.195463
654 3827.160889 3394.695016 154.136872
655 3827.159567 3396.061015 154.114105
656 3827.157826 3397.861014 153.814105
657 3827.157536 3398.161014 153.814105
658 3827.156085 3399.661013 154.064105
659 3827.155843 3399.911013 154.066605
660 3827.154392 3401.411012 154.316605
661 3827.154150 3401.661012 154.319105
662 3827.152766 3403.091268 154.557482
# Sta: 10080.434 - Top Surface 2
663 3826.973999 3380.089035 154.218258
664 3826.973162 3380.953470 154.074186
665 3826.972921 3381.203470 154.071686
666 3826.971469 3382.703469 153.821686
667 3826.971179 3383.003469 153.821686
668 3826.969438 3384.803468 154.121686
669 3826.968125 3386.160425 154.144302
670 3826.964664 3389.738636 154.203938
671 3826.964610 3389.793983 154.284907
672 3826.964475 3389.933645 154.284907
673 3826.963997 3390.427623 154.295093
674 3826.963519 3390.921602 154.284907
675 3826.963384 3391.061264 154.284907
676 3826.963330 3391.116611 154.203938
677 3826.959869 3394.694821 154.144302
678 3826.958556 3396.051775 154.121686
679 3826.956815 3397.851774 153.821686
680 3826.956524 3398.151774 153.821686
681 3826.955073 3399.651773 154.071686
682 3826.954832 3399.901773 154.074186
683 3826.953380 3401.401772 154.324186
684 3826.953139 3401.651772 154.326686
685 3826.951709 3403.129033 154.572896
# Sta: 10080.568 - Top Surface 2
686 3826.839955 3380.123963 154.218446
687 3826.839147 3380.959369 154.079212
688 3826.838905 3381.209369 154.076712
689 3826.837454 3382.709368 153.826712
690 3826.837163 3383.009368 153.826712
691 3826.835422 3384.809367 154.126712
692 3826.834115 3386.160296 154.149227
693 3826.830575 3389.819621 154.210216
694 3826.830522 3389.874968 154.291185
695 3826.830386 3390.014630 154.291185
696 3826.829987 3390.427494 154.299699
697 3826.829588 3390.840357 154.291185
698 3826.829453 3390.980019 154.291185
699 3826.829399 3391.035366 154.210216
700 3826.825859 3394.694692 154.149227
701 3826.824552 3396.045615 154.126712
702 3826.822811 3397.845614 153.826712
703 3826.822520 3398.145614 153.826712
704 3826.821069 3399.645613 154.076712
705 3826.820827 3399.895613 154.079212
706 3826.819376 3401.395612 154.329212
707 3826.819134 3401.645612 154.331712
708 3826.817675 3403.154372 154.583172
# Sta: 10080.769 - Top Surface 2
709 3826.638884 3380.176203 154.218714
710 3826.638118 3380.968217 154.086711
711 3826.637876 3381.218217 154.084211
712 3826.636425 3382.718217 153.834211
713 3826.636135 3383.018216 153.834211
714 3826.634393 3384.818216 154.134211
715 3826.633095 3386.160101 154.156576
716 3826.629335 3390.047345 154.221363
717 3826.629281 3390.102692 154.302332
718 3826.629146 3390.242354 154.302332
719 3826.628967 3390.427299 154.306146
720 3826.628788 3390.612244 154.302332
721 3826.628653 3390.751906 154.302332
722 3826.628600 3390.807253 154.221363
723 3826.624839 3394.694497 154.156576
724 3826.623541 3396.036375 154.134211
725 3826.621799 3397.836374 153.834211
726 3826.621509 3398.136374 153.834211
727 3826.620058 3399.636373 154.084211
728 3826.619816 3399.886373 154.086711
729 3826.618365 3401.386372 154.336711
730 3826.618123 3401.636372 154.339211
731 3826.616672 3403.136371 154.589211
732 3826.616430 3403.386371 154.591711
733 3826.616387 3403.430744 154.599107
# Sta: 10080.836 - Top Surface 2
734 3826.571867 3380.193574 154.218799
735 3826.571115 3380.971167 154.089200
736 3826.570873 3381.221167 154.086700
737 3826.569422 3382.721166 153.836700
738 3826.569132 3383.021166 153.836700
739 3826.567391 3384.821165 154.136700
740 3826.566095 3386.160036 154.159015
741 3826.562186 3390.200591 154.226357
742 3826.562133 3390.255938 154.307326
743 3826.561998 3390.395600 154.307326
744 3826.561967 3390.427234 154.307979
745 3826.561937 3390.458869 154.307326
746 3826.561801 3390.598531 154.307326
747 3826.561748 3390.653878 154.226357
748 3826.557839 3394.694432 154.159015
749 3826.556544 3396.033295 154.136700
750 3826.554802 3397.833294 153.836700
751 3826.554512 3398.133294 153.836700
752 3826.553061 3399.633293 154.086700
753 3826.552819 3399.883293 154.089200
754 3826.551368 3401.383293 154.339200
755 3826.551126 3401.633292 154.341700
756 3826.549675 3403.133292 154.591700
757 3826.549433 3403.383292 154.594200
758 3826.549375 3403.443561 154.604245
# Sta: 10080.894 - Top Surface 2
759 3826.514033 3380.208549 154.218871
760 3826.513293 3380.973712 154.091343
761 3826.513051 3381.223712 154.088843
762 3826.511600 3382.723711 153.838843
763 3826.511309 3383.023711 153.838843
764 3826.509568 3384.823710 154.138843
765 3826.508275 3386.159980 154.161115
766 3826.504147 3390.427178 154.232235
767 3826.500019 3394.694376 154.161115
768 3826.498726 3396.030637 154.138844
769 3826.496985 3397.830637 153.838844
770 3826.496695 3398.130636 153.838844
771 3826.495244 3399.630636 154.088844
772 3826.495002 3399.880636 154.091344
773 3826.493551 3401.380635 154.341344
774 3826.493309 3401.630635 154.343844
775 3826.491858 3403.130634 154.593844
776 3826.491616 3403.380634 154.596344
777 3826.491548 3403.450380 154.607968
# Sta: 10080.955 - Top Surface 2
778 3826.453058 3380.224320 154.218945
779 3826.452330 3380.976395 154.093599
780 3826.452088 3381.226395 154.091099
781 3826.450637 3382.726394 153.841099
782 3826.450347 3383.026394 153.841099
783 3826.448605 3384.826393 154.141099
784 3826.447315 3386.159921 154.163324
785 3826.443187 3390.427119 154.234444
786 3826.439059 3394.694317 154.163324
787 3826.437769 3396.027835 154.141099
788 3826.436028 3397.827834 153.841099
789 3826.435737 3398.127834 153.841099
790 3826.434286 3399.627834 154.091099
791 3826.434044 3399.877834 154.093599
792 3826.432593 3401.377833 154.343599
793 3826.432351 3401.627833 154.346099
794 3826.430900 3403.127832 154.596099
795 3826.430658 3403.377832 154.598599
796 3826.430587 3403.451540 154.610884
# Sta: 10081.016 - Top Surface 2
797 3826.392082 3380.240074 154.219017
798 3826.391367 3380.979079 154.095850
799 3826.391126 3381.229078 154.093350
800 3826.389674 3382.729078 153.843350
801 3826.389384 3383.029078 153.843350
802 3826.387643 3384.829077 154.143350
803 3826.386355 3386.159863 154.165530
804 3826.382227 3390.427061 154.236650
805 3826.378099 3394.694259 154.165530
806 3826.376812 3396.025033 154.143350
807 3826.375070 3397.825032 153.843350
808 3826.374780 3398.125032 153.843350
809 3826.373329 3399.625032 154.093350
810 3826.373087 3399.875031 154.095850
811 3826.371636 3401.375031 154.345850
812 3826.371394 3401.625031 154.348350
813 3826.369943 3403.125030 154.598350
814 3826.369701 3403.375030 154.600850
815 3826.369626 3403.452718 154.613798
# Sta: 10081.077 - Top Surface 2
816 3826.331107 3380.255811 154.219088
817 3826.330405 3380.981762 154.098096
818 3826.330163 3381.231762 154.095596
819 3826.328712 3382.731761 153.845596
820 3826.328422 3383.031761 153.845596
821 3826.326680 3384.831760 154.145596
822 3826.325395 3386.159804 154.167731
823 3826.321267 3390.427002 154.238851
824 3826.317139 3394.694200 154.167731
825 3826.315854 3396.022231 154.145597
826 3826.314113 3397.822230 153.845597
827 3826.313823 3398.122230 153.845597
828 3826.312372 3399.622230 154.095597
829 3826.312130 3399.872229 154.098097
830 3826.310679 3401.372229 154.348097
831 3826.310437 3401.622229 154.350597
832 3826.308986 3403.122228 154.600597
833 3826.308744 3403.372228 154.603097
834 3826.308665 3403.453915 154.616711
# Sta: 10081.382 - Top Surface 2
835 3826.026231 3380.334245 154.219418
836 3826.025592 3380.995179 154.109262
837 3826.025350 3381.245179 154.106762
838 3826.023899 3382.745178 153.856762
839 3826.023608 3383.045178 153.856762
840 3826.021867 3384.845177 154.156762
841 3826.020596 3386.159509 154.178668
842 3826.016467 3390.426707 154.249788
843 3826.012339 3394.693905 154.178668
844 3826.011068 3396.008221 154.156763
845 3826.009326 3397.808220 153.856763
846 3826.009036 3398.108220 153.856763
847 3826.007585 3399.608219 154.106763
848 3826.007343 3399.858219 154.109263
849 3826.005892 3401.358218 154.359263
850 3826.005650 3401.608218 154.361763
851 3826.004199 3403.108218 154.611763
852 3826.003957 3403.358218 154.614263
853 3826.003859 3403.460171 154.631255
# Sta: 10081.686 - Top Surface 2
854 3825.721367 3380.400174 154.221721
855 3825.720779 3381.008595 154.120317
856 3825.720537 3381.258595 154.117817
857 3825.719086 3382.758595 153.867817
858 3825.718795 3383.058595 153.867817
859 3825.717054 3384.858594 154.167817
860 3825.715796 3386.159214 154.189494
861 3825.711668 3390.426412 154.260614
862 3825.707539 3394.693610 154.189494
863 3825.706281 3395.994211 154.167817
864 3825.704540 3397.794210 153.867817
865 3825.704250 3398.094210 153.867817
866 3825.702798 3399.594209 154.117817
867 3825.702557 3399.844209 154.120317
868 3825.701105 3401.344208 154.370317
869 3825.700864 3401.594208 154.372817
870 3825.699413 3403.094207 154.622817
871 3825.699171 3403.344207 154.625317
872 3825.699052 3403.466883 154.645763
# Sta: 10081.991 - Top Surface 2
873 3825.416520 3380.448407 154.226861
874 3825.415965 3381.022012 154.131260
875 3825.415724 3381.272012 154.128760
876 3825.414272 3382.772011 153.878760
877 3825.413982 3383.072011 153.878760
878 3825.412241 3384.872010 154.178760
879 3825.410996 3386.158919 154.200208
880 3825.406868 3390.426117 154.271328
881 3825.402740 3394.693315 154.200208
882 3825.401495 3395.980200 154.178760
883 3825.399753 3397.780200 153.878760
884 3825.399463 3398.080199 153.878760
885 3825.398012 3399.580199 154.128760
886 3825.397770 3399.830199 154.131260
887 3825.396319 3401.330198 154.381260
888 3825.396077 3401.580198 154.383760
889 3825.394626 3403.080197 154.633760
890 3825.394384 3403.330197 154.636260
891 3825.394245 3403.474052 154.660236
# Sta: 10082.310 - Top Surface 2
892 3825.097311 3380.499697 154.231993
893 3825.096792 3381.036061 154.142599
894 3825.096550 3381.286061 154.140099
895 3825.095099 3382.786060 153.890099
896 3825.094808 3383.086060 153.890099
897 3825.093067 3384.886059 154.190099
898 3825.091836 3386.158610 154.211308
899 3825.087708 3390.425808 154.282428
900 3825.083580 3394.693006 154.211308
901 3825.082349 3395.965530 154.190099
902 3825.080607 3397.765529 153.890099
903 3825.080317 3398.065529 153.890099
904 3825.078866 3399.565528 154.140099
905 3825.078624 3399.815528 154.142599
906 3825.077173 3401.315528 154.392599
907 3825.076931 3401.565527 154.395099
908 3825.075480 3403.065527 154.645099
909 3825.075238 3403.315527 154.647599
910 3825.075077 3403.482048 154.675353
# Sta: 10083.718 - Top Surface 2
911 3823.689904 3380.723322 154.253583
912 3823.689541 3381.098003 154.191136
913 3823.689299 3381.348003 154.188636
914 3823.687848 3382.848003 153.938636
915 3823.687558 3383.148002 153.938636
916 3823.685817 3384.948002 154.238636
917 3823.684647 3386.157249 154.258790
918 3823.680519 3390.424447 154.329910
919 3823.676390 3394.691645 154.258790
920 3823.675221 3395.900848 154.238636
921 3823.673479 3397.700847 153.938636
922 3823.673189 3398.000847 153.938636
923 3823.671738 3399.500846 154.188636
924 3823.671496 3399.750846 154.191136
925 3823.670045 3401.250846 154.441136
926 3823.669803 3401.500845 154.443636
927 3823.668352 3403.000845 154.693636
928 3823.668110 3403.250845 154.696136
929 3823.667846 3403.523273 154.741541
# Sta: 10085.192 - Top Surface 2
930 3822.215497 3380.946323 154.275530
931 3822.215288 3381.162895 154.239435
932 3822.215046 3381.412895 154.236935
933 3822.213595 3382.912894 153.986935
934 3822.213304 3383.212894 153.986935
935 3822.211563 3385.012893 154.286935
936 3822.210457 3386.155823 154.305984
937 3822.206329 3390.423021 154.377104
938 3822.202201 3394.690219 154.305984
939 3822.201095 3395.833086 154.286936
940 3822.199354 3397.633085 153.986936
941 3822.199064 3397.933085 153.986936
942 3822.197613 3399.433085 154.236936
943 3822.197371 3399.683084 154.239436
944 3822.195920 3401.183084 154.489436
945 3822.195678 3401.433084 154.491936
946 3822.194227 3402.933083 154.741936
947 3822.193985 3403.183083 154.744436
948 3822.193604 3403.576898 154.810072
# Sta: 10086.532 - Top Surface 2
949 3820.874837 3381.369299 154.295681
950 3820.873287 3382.971890 154.028582
951 3820.872997 3383.271890 154.028582
952 3820.871255 3385.071889 154.328582
953 3820.870208 3386.154526 154.346626
954 3820.866080 3390.421724 154.417746
955 3820.861952 3394.688922 154.346626
956 3820.860904 3395.771481 154.328584
957 3820.859163 3397.571480 154.028584
958 3820.858873 3397.871480 154.028584
959 3820.857422 3399.371479 154.278584
960 3820.857180 3399.621479 154.281084
961 3820.855729 3401.121479 154.531084
962 3820.855487 3401.371479 154.533584
963 3820.854036 3402.871478 154.783584
964 3820.853794 3403.121478 154.786084
965 3820.853067 3403.873097 154.911354
# Sta: 10088.743 - Top Surface 2
966 3818.662955 3381.949525 154.279203
967 3818.661872 3383.069229 154.092586
968 3818.661582 3383.369228 154.092586
969 3818.659840 3385.169228 154.392586
970 3818.658889 3386.152387 154.408972
971 3818.654761 3390.419585 154.480092
972 3818.650633 3394.686783 154.408972
973 3818.649682 3395.669837 154.392587
974 3818.647940 3397.469836 154.092587
975 3818.647650 3397.769836 154.092587
976 3818.646199 3399.269835 154.342587
977 3818.645957 3399.519835 154.345087
978 3818.644506 3401.019834 154.595087
979 3818.644264 3401.269834 154.597587
980 3818.642813 3402.769834 154.847587
981 3818.642571 3403.019833 154.850087
982 3818.641120 3404.519833 155.100087
983 3818.640878 3404.769833 155.102587
984 3818.640839 3404.809837 155.109255
# Sta: 10090.000 - Top Surface 2
985 3817.405920 3382.305087 154.262920
986 3817.405128 3383.124546 154.126344
987 3817.404837 3383.424546 154.126344
988 3817.403096 3385.224545 154.426344
989 3817.402200 3386.151171 154.441788
990 3817.398071 3390.418369 154.512908
991 3817.393943 3394.685567 154.441788
992 3817.393047 3395.612073 154.426346
993 3817.391306 3397.412072 154.126346
994 3817.391015 3397.712072 154.126346
995 3817.389564 3399.212071 154.376346
996 3817.389322 3399.462071 154.378846
997 3817.387871 3400.962070 154.628846
998 3817.387629 3401.212070 154.631346
999 3817.386178 3402.712069 154.881346
1000 3817.385936 3402.962069 154.883846
1001 3817.384508 3404.438784 155.129965
# Sta: 10092.763 - Top Surface 2
1002 3814.639767 3385.077138 154.426650
1003 3814.639507 3385.346189 154.493912
1004 3814.638731 3386.148498 154.507284
1005 3814.634603 3390.415696 154.578404
1006 3814.630475 3394.682894 154.507284
1007 3814.629699 3395.485049 154.493915
1008 3814.627957 3397.285048 154.193915
1009 3814.627667 3397.585048 154.193915
1010 3814.626216 3399.085047 154.443915
1011 3814.625974 3399.335047 154.446415
1012 3814.624523 3400.835046 154.696415
1013 3814.624281 3401.085046 154.698915
1014 3814.622830 3402.585045 154.948915
1015 3814.622588 3402.835045 154.951415
1016 3814.621262 3404.205973 155.179903
# Sta: 10094.037 - Top Surface 2
1017 3813.367127 3384.591227 154.319207
1018 3813.366342 3385.402229 154.521957
1019 3813.365622 3386.147266 154.534375
1020 3813.361493 3390.414464 154.605495
1021 3813.357365 3394.681662 154.534375
1022 3813.356645 3395.426530 154.521960
1023 3813.354903 3397.226529 154.221960
1024 3813.354613 3397.526529 154.221960
1025 3813.353162 3399.026528 154.471960
1026 3813.352920 3399.276528 154.474460
1027 3813.351469 3400.776527 154.724460
1028 3813.351227 3401.026527 154.726960
1029 3813.349776 3402.526526 154.976960
1030 3813.349534 3402.776526 154.979460
1031 3813.348243 3404.110593 155.201805
# Sta: 10095.645 - Top Surface 2
1032 3811.759528 3384.030815 154.259052
1033 3811.759342 3384.223017 154.307102
1034 3811.759100 3384.473017 154.304602
1035 3811.758133 3385.473017 154.554602
1036 3811.757482 3386.145710 154.565814
1037 3811.753354 3390.412908 154.636934
1038 3811.749226 3394.680106 154.565814
1039 3811.748575 3395.352611 154.554606
1040 3811.746834 3397.152610 154.254606
1041 3811.746544 3397.452610 154.254606
1042 3811.745093 3398.952609 154.504606
1043 3811.744851 3399.202609 154.507106
1044 3811.743400 3400.702608 154.757106
1045 3811.743158 3400.952608 154.759606
1046 3811.741707 3402.452607 155.009606
1047 3811.741465 3402.702607 155.012106
1048 3811.740252 3403.956632 155.221110
# Sta: 10097.387 - Top Surface 2
1049 3810.017493 3383.839136 154.223824
1050 3810.017047 3384.299707 154.338967
1051 3810.016805 3384.549707 154.336467
1052 3810.015838 3385.549706 154.586467
1053 3810.015263 3386.144025 154.596372
1054 3810.011135 3390.411223 154.667492
1055 3810.007007 3394.678421 154.596372
1056 3810.006432 3395.272529 154.586471
1057 3810.004691 3397.072528 154.286471
1058 3810.004400 3397.372528 154.286471
1059 3810.002949 3398.872527 154.536471
1060 3810.002707 3399.122527 154.538971
1061 3810.001256 3400.622526 154.788971
1062 3810.001014 3400.872526 154.791471
1063 3809.999563 3402.372525 155.041471
1064 3809.999321 3402.622525 155.043971
1065 3809.998236 3403.744129 155.230905
# Sta: 10099.531 - Top Surface 2
1066 3807.873552 3383.518152 154.154199
1067 3807.872705 3384.394093 154.373185
1068 3807.872463 3384.644093 154.370685
1069 3807.871496 3385.644093 154.620685
1070 3807.871014 3386.141950 154.628982
1071 3807.866886 3390.409148 154.700102
1072 3807.862758 3394.676346 154.628982
1073 3807.862276 3395.173967 154.620689
1074 3807.860535 3396.973967 154.320689
1075 3807.860245 3397.273966 154.320689
1076 3807.858794 3398.773966 154.570689
1077 3807.858552 3399.023966 154.573189
1078 3807.857101 3400.523965 154.823189
1079 3807.856859 3400.773965 154.825689
1080 3807.855408 3402.273964 155.075689
1081 3807.855166 3402.523964 155.078189
1082 3807.854713 3402.992390 155.156260
# Sta: 10102.144 - Top Surface 2
1083 3805.261020 3382.722929 154.025878
1084 3805.260502 3383.259127 154.159927
1085 3805.260260 3383.509127 154.157427
1086 3805.259292 3384.509127 154.407427
1087 3805.259051 3384.759126 154.404927
1088 3805.258083 3385.759126 154.654927
1089 3805.257715 3386.139422 154.661266
1090 3805.253587 3390.406620 154.732386
1091 3805.249459 3394.673818 154.661266
1092 3805.249091 3395.053846 154.654932
1093 3805.247350 3396.853845 154.354932
1094 3805.247060 3397.153845 154.354932
1095 3805.245609 3398.653844 154.604932
1096 3805.245367 3398.903844 154.607432
1097 3805.243916 3400.403844 154.857432
1098 3805.243674 3400.653843 154.859932
1099 3805.242223 3402.153843 155.109932
1100 3805.241981 3402.403843 155.112432
1101 3805.241917 3402.469540 155.123382
# Sta: 10104.356 - Top Surface 2
1102 3803.050003 3382.481180 153.963680
1103 3803.049157 3383.356463 154.182501
1104 3803.048915 3383.606463 154.180001
1105 3803.047947 3384.606462 154.430001
1106 3803.047705 3384.856462 154.427501
1107 3803.046738 3385.856462 154.677501
1108 3803.046466 3386.137283 154.682182
1109 3803.042338 3390.404481 154.753302
1110 3803.038210 3394.671679 154.682182
1111 3803.037939 3394.952205 154.677506
1112 3803.036197 3396.752204 154.377506
1113 3803.035907 3397.052204 154.377506
1114 3803.034456 3398.552203 154.627506
1115 3803.034214 3398.802203 154.630006
1116 3803.032763 3400.302203 154.880006
1117 3803.032521 3400.552202 154.882506
1118 3803.031328 3401.785750 155.088097
# Sta: 10105.562 - Top Surface 2
1119 3801.844533 3381.891994 153.877951
1120 3801.844274 3382.159551 153.944840
1121 3801.844032 3382.409551 153.942340
1122 3801.843065 3383.409551 154.192340
1123 3801.842823 3383.659551 154.189840
1124 3801.841855 3384.659550 154.439840
1125 3801.841614 3384.909550 154.437340
1126 3801.840646 3385.909550 154.687340
1127 3801.840427 3386.136116 154.691116
1128 3801.836299 3390.403314 154.762236
1129 3801.832171 3394.670512 154.691116
1130 3801.831952 3394.896769 154.687345
1131 3801.830210 3396.696768 154.387345
1132 3801.829920 3396.996768 154.387345
1133 3801.828469 3398.496767 154.637345
1134 3801.828227 3398.746767 154.639845
1135 3801.826776 3400.246766 154.889845
1136 3801.826534 3400.496766 154.892345
1137 3801.825379 3401.691135 155.091407
# Sta: 10106.680 - Top Surface 2
1138 3800.726419 3381.781811 153.845663
1139 3800.726006 3382.208774 153.952403
1140 3800.725764 3382.458774 153.949903
1141 3800.724797 3383.458773 154.199903
1142 3800.724555 3383.708773 154.197403
1143 3800.723587 3384.708772 154.447403
1144 3800.723345 3384.958772 154.444903
1145 3800.722378 3385.958772 154.694903
1146 3800.722207 3386.135035 154.697841
1147 3800.718079 3390.402233 154.768961
1148 3800.713951 3394.669431 154.697841
1149 3800.713781 3394.845369 154.694909
1150 3800.712040 3396.645369 154.394909
1151 3800.711749 3396.945368 154.394909
1152 3800.710298 3398.445368 154.644909
1153 3800.710056 3398.695368 154.647409
1154 3800.708605 3400.195367 154.897409
1155 3800.708363 3400.445367 154.899909
1156 3800.707216 3401.631068 155.097526
# Sta: 10108.242 - Top Surface 2
1157 3799.164402 3381.643662 153.801988
1158 3799.163789 3382.277537 153.960457
1159 3799.163547 3382.527537 153.957957
1160 3799.162579 3383.527536 154.207957
1161 3799.162337 3383.777536 154.205457
1162 3799.161370 3384.777536 154.455457
1163 3799.161128 3385.027536 154.452957
1164 3799.160161 3386.027535 154.702957
1165 3799.160058 3386.133523 154.704723
1166 3799.155930 3390.400721 154.775843
1167 3799.151802 3394.667919 154.704723
1168 3799.151700 3394.773565 154.702963
1169 3799.149958 3396.573564 154.402963
1170 3799.149668 3396.873564 154.402963
1171 3799.148217 3398.373563 154.652963
1172 3799.147975 3398.623563 154.655463
1173 3799.146524 3400.123562 154.905463
1174 3799.146282 3400.373562 154.907963
1175 3799.145141 3401.553188 155.104567
# Sta: 10110.319 - Top Surface 2
1176 3797.088044 3380.792944 153.637623
1177 3797.087728 3381.118972 153.719130
1178 3797.087487 3381.368972 153.716630
1179 3797.086519 3382.368971 153.966630
1180 3797.086277 3382.618971 153.964130
1181 3797.085310 3383.618971 154.214130
1182 3797.085068 3383.868970 154.211630
1183 3797.084101 3384.868970 154.461630
1184 3797.083859 3385.118970 154.459130
1185 3797.082891 3386.118969 154.709130
1186 3797.082879 3386.131514 154.709339
1187 3797.078751 3390.398712 154.780459
1188 3797.074623 3394.665910 154.709339
1189 3797.074611 3394.678086 154.709136
1190 3797.072870 3396.478085 154.409136
1191 3797.072579 3396.778085 154.409136
1192 3797.071128 3398.278084 154.659136
1193 3797.070886 3398.528084 154.661636
1194 3797.069435 3400.028084 154.911636
1195 3797.069193 3400.278083 154.914136
1196 3797.068227 3401.277191 155.080654
# Sta: 10110.598 - Top Surface 2
1197 3796.809249 3380.735588 153.620650
1198 3796.808866 3381.131246 153.719565
1199 3796.808625 3381.381246 153.717065
1200 3796.807657 3382.381246 153.967065
1201 3796.807415 3382.631245 153.964565
1202 3796.806448 3383.631245 154.214565
1203 3796.806206 3383.881245 154.212065
1204 3796.805239 3384.881244 154.462065
1205 3796.804997 3385.131244 154.459565
1206 3796.804029 3386.131244 154.709565
1207 3796.804029 3386.131244 154.709565
1208 3796.799901 3390.398442 154.780685
1209 3796.795773 3394.665640 154.709565
1210 3796.794032 3396.465639 154.409565
1211 3796.793741 3396.765639 154.409565
1212 3796.792290 3398.265638 154.659565
1213 3796.792048 3398.515638 154.662065
1214 3796.790597 3400.015638 154.912065
1215 3796.790355 3400.265637 154.914565
1216 3796.789413 3401.239374 155.076854
# Sta: 10111.593 - Top Surface 2
1217 3795.814306 3380.438813 153.546741
1218 3795.813637 3381.130284 153.719608
1219 3795.813395 3381.380283 153.717108
1220 3795.812428 3382.380283 153.967108
1221 3795.812186 3382.630283 153.964608
1222 3795.811218 3383.630282 154.214608
1223 3795.810976 3383.880282 154.212108
1224 3795.810009 3384.880282 154.462108
1225 3795.809767 3385.130282 154.459608
1226 3795.808800 3386.130281 154.709608
1227 3795.804672 3390.397479 154.780728
1228 3795.800543 3394.664677 154.709608
1229 3795.798802 3396.464676 154.409608
1230 3795.798512 3396.764676 154.409608
1231 3795.797061 3398.264676 154.659608
1232 3795.796819 3398.514675 154.662108
1233 3795.795368 3400.014675 154.912108
1234 3795.795126 3400.264675 154.914608
1235 3795.794248 3401.172536 155.065919
# Sta: 10121.920 - Top Surface 2
1236 3785.492655 3375.328563 152.465594
1237 3785.491889 3376.120296 152.663527
1238 3785.491647 3376.370296 152.661027
1239 3785.490679 3377.370295 152.911027
1240 3785.490438 3377.620295 152.908527
1241 3785.489470 3378.620295 153.158527
1242 3785.489228 3378.870294 153.156027
1243 3785.488261 3379.870294 153.406027
1244 3785.488019 3380.120294 153.403527
1245 3785.487052 3381.120293 153.653527
1246 3785.486810 3381.370293 153.651027
1247 3785.485842 3382.370293 153.901027
1248 3785.485601 3382.620293 153.898527
1249 3785.484633 3383.620292 154.148527
1250 3785.484391 3383.870292 154.146027
1251 3785.483424 3384.870292 154.396027
1252 3785.483182 3385.120292 154.393527
1253 3785.482215 3386.120291 154.643527
1254 3785.478086 3390.387489 154.714647
1255 3785.473958 3394.654687 154.643527
1256 3785.473732 3394.888085 154.585177
# Sta: 10137.160 - Top Surface 2
1257 3770.254041 3373.888167 152.021780
1258 3770.253105 3374.855553 152.263627
1259 3770.252863 3375.105553 152.261127
1260 3770.251896 3376.105552 152.511127
1261 3770.251654 3376.355552 152.508627
1262 3770.250687 3377.355552 152.758627
1263 3770.250445 3377.605552 152.756127
1264 3770.249477 3378.605551 153.006127
1265 3770.249235 3378.855551 153.003627
1266 3770.248268 3379.855551 153.253627
1267 3770.248026 3380.105550 153.251127
1268 3770.247059 3381.105550 153.501127
1269 3770.246817 3381.355550 153.498627
1270 3770.245850 3382.355549 153.748627
1271 3770.245608 3382.605549 153.746127
1272 3770.244640 3383.605549 153.996127
1273 3770.244398 3383.855549 153.993627
1274 3770.243431 3384.855548 154.243627
1275 3770.243189 3385.105548 154.241127
1276 3770.242222 3386.105548 154.491127
1277 3770.238094 3390.372746 154.562247
1278 3770.233965 3394.639944 154.491127
1279 3770.232224 3396.439943 154.191127
1280 3770.231934 3396.739943 154.191127
1281 3770.230483 3398.239942 154.441127
1282 3770.230241 3398.489942 154.443627
1283 3770.228790 3399.989941 154.693627
1284 3770.228548 3400.239941 154.696127
1285 3770.227722 3401.093579 154.838400
# Sta: 10150.000 - Top Surface 2
1286 3757.417431 3370.377774 151.183526
1287 3757.416739 3371.093133 151.362366
1288 3757.416497 3371.343133 151.359866
1289 3757.415530 3372.343132 151.609866
1290 3757.415288 3372.593132 151.607366
1291 3757.414320 3373.593132 151.857366
1292 3757.414079 3373.843132 151.854866
1293 3757.413111 3374.843131 152.104866
1294 3757.412869 3375.093131 152.102366
1295 3757.411902 3376.093131 152.352366
1296 3757.411660 3376.343131 152.349866
1297 3757.410693 3377.343130 152.599866
1298 3757.410451 3377.593130 152.597366
1299 3757.409483 3378.593129 152.847366
1300 3757.409241 3378.843129 152.844866
1301 3757.408274 3379.843129 153.094866
1302 3757.408032 3380.093129 153.092366
1303 3757.407065 3381.093128 153.342366
1304 3757.406823 3381.343128 153.339866
1305 3757.405856 3382.343128 153.589866
1306 3757.405614 3382.593128 153.587366
1307 3757.404646 3383.593127 153.837366
1308 3757.404404 3383.843127 153.834866
1309 3757.403437 3384.843127 154.084866
1310 3757.403195 3385.093126 154.082366
1311 3757.402228 3386.093126 154.332366
1312 3757.398100 3390.360324 154.403486
1313 3757.393971 3394.627522 154.332366
1314 3757.392230 3396.427521 154.032366
1315 3757.391940 3396.727521 154.032366
1316 3757.390489 3398.227520 154.282366
1317 3757.390247 3398.477520 154.284866
1318 3757.388841 3399.930354 154.527005
# Sta: 10167.640 - Top Surface 2
1319 3739.770074 3377.973592 152.227397
1320 3739.769492 3378.576064 152.378015
1321 3739.769250 3378.826064 152.375515
1322 3739.768282 3379.826064 152.625515
1323 3739.768040 3380.076064 152.623015
1324 3739.767073 3381.076063 152.873015
1325 3739.766831 3381.326063 152.870515
1326 3739.765864 3382.326062 153.120515
1327 3739.765622 3382.576062 153.118015
1328 3739.764655 3383.576062 153.368015
1329 3739.764413 3383.826062 153.365515
1330 3739.763445 3384.826061 153.615515
1331 3739.763203 3385.076061 153.613015
1332 3739.762236 3386.076061 153.863015
1333 3739.758108 3390.343259 153.934135
1334 3739.753980 3394.610457 153.863015
1335 3739.752238 3396.410456 153.563015
1336 3739.751948 3396.710456 153.563015
1337 3739.750497 3398.210455 153.813015
1338 3739.750255 3398.460455 153.815515
1339 3739.748804 3399.960454 154.065515
1340 3739.748562 3400.210454 154.068015
1341 3739.747111 3401.710453 154.318015
1342 3739.746869 3401.960453 154.320515
1343 3739.745647 3403.224215 154.531142
# Sta: 10182.880 - Top Surface 2
1344 3724.528543 3379.549432 152.026643
1345 3724.528289 3379.811320 152.092115
1346 3724.528048 3380.061320 152.089615
1347 3724.527080 3381.061320 152.339615
1348 3724.526838 3381.311319 152.337115
1349 3724.525871 3382.311319 152.587115
1350 3724.525629 3382.561319 152.584615
1351 3724.524662 3383.561318 152.834615
1352 3724.524420 3383.811318 152.832115
1353 3724.523452 3384.811318 153.082115
1354 3724.523211 3385.061318 153.079615
1355 3724.522243 3386.061317 153.329615
1356 3724.518115 3390.328515 153.400735
1357 3724.513987 3394.595713 153.329615
1358 3724.512245 3396.395712 153.029615
1359 3724.511955 3396.695712 153.029615
1360 3724.510504 3398.195712 153.279615
1361 3724.510262 3398.445711 153.282115
1362 3724.508811 3399.945711 153.532115
1363 3724.508569 3400.195711 153.534615
1364 3724.507118 3401.695710 153.784615
1365 3724.506876 3401.945710 153.787115
1366 3724.505425 3403.445709 154.037115
1367 3724.505183 3403.695709 154.039615
1368 3724.504363 3404.543633 154.180936
# Sta: 10189.682 - Top Surface 2
1369 3717.724231 3381.449499 152.135209
1370 3717.723404 3382.304782 152.349030
1371 3717.723162 3382.554782 152.346530
1372 3717.722195 3383.554782 152.596530
1373 3717.721953 3383.804782 152.594030
1374 3717.720986 3384.804781 152.844030
1375 3717.720744 3385.054781 152.841530
1376 3717.719776 3386.054780 153.091530
1377 3717.715648 3390.321934 153.162649
1378 3717.711520 3394.589132 153.091529
1379 3717.709779 3396.389132 152.791529
1380 3717.709488 3396.689131 152.791529
1381 3717.708037 3398.189131 153.041529
1382 3717.707795 3398.439131 153.044029
1383 3717.706344 3399.939130 153.294029
1384 3717.706102 3400.189130 153.296529
1385 3717.704651 3401.689129 153.546529
1386 3717.704409 3401.939129 153.549029
1387 3717.702958 3403.439128 153.799029
1388 3717.702716 3403.689128 153.801529
1389 3717.701270 3405.183802 154.050641
# Sta: 10195.072 - Top Surface 2
1390 3711.067027 3383.550876 152.261941
1391 3711.172340 3384.143554 152.412431
1392 3711.216078 3384.389699 152.409931
1393 3711.391027 3385.374276 152.659931
1394 3711.434764 3385.620420 152.657431
1395 3711.609714 3386.604998 152.907431
1396 3712.353702 3390.792000 152.978308
1397 3713.097758 3394.979385 152.907425
1398 3713.412667 3396.751624 152.607425
1399 3713.465151 3397.046998 152.607425
1400 3713.727576 3398.523864 152.857425
1401 3713.771313 3398.770008 152.859925
1402 3714.033737 3400.246874 153.109925
1403 3714.077474 3400.493019 153.112425
1404 3714.339899 3401.969885 153.362425
1405 3714.383636 3402.216029 153.364925
1406 3714.646060 3403.692895 153.614925
1407 3714.689798 3403.939040 153.617425
1408 3714.952222 3405.415906 153.867425
1409 3714.995959 3405.662050 153.869925
1410 3715.196407 3406.790125 154.060882
# Sta: 10198.120 - Top Surface 2
1411 3707.645149 3385.330246 152.353127
1412 3707.888969 3386.191584 152.576922
1413 3707.957061 3386.432132 152.574422
1414 3708.229430 3387.394325 152.824422
1415 3709.384349 3391.474283 152.895093
1416 3710.539437 3395.554837 152.824412
1417 3711.029701 3397.286784 152.524412
1418 3711.111412 3397.575442 152.524412
1419 3711.519966 3399.018731 152.774412
1420 3711.588058 3399.259279 152.776912
1421 3711.996612 3400.702569 153.026912
1422 3712.064704 3400.943117 153.029412
1423 3712.473258 3402.386406 153.279412
1424 3712.541350 3402.626954 153.281912
1425 3712.949904 3404.070244 153.531912
1426 3713.017996 3404.310792 153.534412
1427 3713.426550 3405.754081 153.784412
1428 3713.494642 3405.994629 153.786912
1429 3713.903196 3407.437919 154.036912
1430 3713.971288 3407.678467 154.039412
1431 3714.010451 3407.816819 154.063377
# Sta: 10201.168 - Top Surface 2
1432 3704.413627 3387.167677 152.463613
1433 3704.488194 3387.356637 152.514398
1434 3704.579960 3387.589186 152.511898
1435 3704.947028 3388.519380 152.761898
1436 3706.497945 3392.449597 152.832318
1437 3708.049190 3396.380642 152.761884
1438 3708.709911 3398.054992 152.461884
1439 3708.820031 3398.334050 152.461884
1440 3709.370632 3399.729342 152.711884
1441 3709.462399 3399.961890 152.714384
1442 3710.013000 3401.357182 152.964384
1443 3710.104767 3401.589730 152.966884
1444 3710.655368 3402.985022 153.216884
1445 3710.747135 3403.217571 153.219384
1446 3711.297736 3404.612862 153.469384
1447 3711.389503 3404.845411 153.471884
1448 3711.940104 3406.240702 153.721884
1449 3712.031871 3406.473251 153.724384
1450 3712.582472 3407.868542 153.974384
1451 3712.674239 3408.101091 153.976884
1452 3712.809827 3408.444686 154.038447
# Sta: 10207.264 - Top Surface 2
1453 3698.271601 3390.899296 152.451998
1454 3698.808089 3391.725604 152.698296
1455 3701.088228 3395.237511 152.768082
1456 3703.369186 3398.750680 152.698271
1457 3704.349379 3400.260390 152.398271
1458 3704.512744 3400.512008 152.398271
1459 3705.329572 3401.770099 152.648271
1460 3705.465710 3401.979781 152.650771
1461 3706.282537 3403.237872 152.900771
1462 3706.418675 3403.447553 152.903271
1463 3707.235502 3404.705644 153.153271
1464 3707.371640 3404.915326 153.155771
1465 3708.188468 3406.173417 153.405771
1466 3708.324605 3406.383099 153.408271
1467 3709.141433 3407.641190 153.658271
1468 3709.277571 3407.850872 153.660771
1469 3710.094398 3409.108963 153.910771
1470 3710.230536 3409.318645 153.913271
1471 3710.335624 3409.480503 153.945434
# Sta: 10213.360 - Top Surface 2
1472 3693.118607 3395.760901 152.601614
1473 3693.440713 3396.089214 152.716598
1474 3696.340217 3399.044597 152.785602
1475 3699.241217 3402.001505 152.716562
1476 3700.501804 3403.286387 152.416562
1477 3700.711902 3403.500534 152.416562
1478 3701.762391 3404.571268 152.666562
1479 3701.937473 3404.749724 152.669062
1480 3702.987962 3405.820458 152.919062
1481 3703.163044 3405.998914 152.921562
1482 3704.213533 3407.069648 153.171562
1483 3704.388615 3407.248104 153.174062
1484 3705.439104 3408.318838 153.424062
1485 3705.614186 3408.497294 153.426562
1486 3706.664675 3409.568028 153.676562
1487 3706.839757 3409.746484 153.679062
1488 3707.461042 3410.379743 153.826919
# Sta: 10219.456 - Top Surface 2
1489 3688.939109 3401.347731 152.778513
1490 3689.059118 3401.428945 152.814740
1491 3692.443202 3403.719080 152.882843
1492 3695.829506 3406.010717 152.814695
1493 3697.320232 3407.019546 152.514695
1494 3697.568687 3407.187684 152.514695
1495 3698.810958 3408.028375 152.764695
1496 3699.018004 3408.168490 152.767195
1497 3700.260275 3409.009181 153.017195
1498 3700.467320 3409.149296 153.019695
1499 3701.709592 3409.989987 153.269695
1500 3701.916637 3410.130102 153.272195
1501 3703.158909 3410.970793 153.522195
1502 3703.365954 3411.110909 153.524695
1503 3704.077934 3411.592731 153.667977
# Sta: 10225.552 - Top Surface 2
1504 3685.685429 3407.462618 152.897034
1505 3685.835359 3407.525116 152.937643
1506 3689.552544 3409.074601 153.004763
1507 3693.272549 3410.625261 152.937592
1508 3694.933984 3411.317820 152.637592
1509 3695.210889 3411.433246 152.637592
1510 3696.595418 3412.010378 152.887592
1511 3696.826172 3412.106566 152.890092
1512 3698.210701 3412.683698 153.140092
1513 3698.441455 3412.779887 153.142592
1514 3699.825984 3413.357019 153.392592
1515 3700.056739 3413.453207 153.395092
1516 3700.647507 3413.699466 153.501765
# Sta: 10228.600 - Top Surface 2
1517 3681.488255 3409.804896 152.908260
1518 3682.688956 3410.169672 152.699112
1519 3682.976002 3410.256878 152.699112
1520 3684.698276 3410.780109 152.999112
1521 3688.522317 3411.941864 153.065723
1522 3692.349380 3413.104536 152.999060
1523 3694.071655 3413.627768 152.699060
1524 3694.358700 3413.714973 152.699060
1525 3695.793929 3414.151000 152.949060
1526 3696.033134 3414.223671 152.951560
1527 3697.468362 3414.659697 153.201560
1528 3697.707567 3414.732368 153.204060
1529 3699.142796 3415.168394 153.454060
1530 3699.382000 3415.241066 153.456560
1531 3699.583606 3415.302314 153.491677
# Sta: 10231.648 - Top Surface 2
1532 3679.888192 3413.338732 153.051758
1533 3680.115817 3413.383676 153.013088
1534 3680.361082 3413.432104 153.010588
1535 3681.832670 3413.722668 152.760588
1536 3682.126988 3413.780781 152.760588
1537 3683.892894 3414.129458 153.060588
1538 3687.783485 3414.897653 153.126683
1539 3691.677216 3415.666468 153.060534
1540 3693.443122 3416.015145 152.760534
1541 3693.737439 3416.073258 152.760534
1542 3695.209028 3416.363823 153.010534
1543 3695.454293 3416.412250 153.013034
1544 3696.925881 3416.702814 153.263034
1545 3697.171146 3416.751242 153.265534
1546 3698.490085 3417.011665 153.489601
# Sta: 10232.110 - Top Surface 2
1547 3679.762770 3413.909862 153.064418
1548 3680.010878 3413.954952 153.022389
1549 3680.256849 3413.999654 153.019889
1550 3681.732675 3414.267865 152.769889
1551 3682.027840 3414.321508 152.769889
1552 3683.798832 3414.643361 153.069889
1553 3687.697374 3415.351868 153.135929
1554 3691.597696 3416.060699 153.069859
1555 3693.368687 3416.382552 152.769859
1556 3693.663852 3416.436194 152.769859
1557 3695.139679 3416.704406 153.019859
1558 3695.385650 3416.749108 153.022359
1559 3696.861476 3417.017319 153.272359
1560 3697.107447 3417.062021 153.274859
1561 3698.395197 3417.296052 153.492999
# Sta: 10243.840 - Top Surface 2
1562 3677.794697 3425.474013 153.277111
1563 3677.913521 3425.495607 153.256983
1564 3678.159492 3425.540309 153.254483
1565 3679.635318 3425.808521 153.004483
1566 3679.930483 3425.862163 153.004483
1567 3681.701475 3426.184016 153.304483
1568 3685.600017 3426.892523 153.370523
1569 3689.498559 3427.601030 153.304483
1570 3691.269551 3427.922884 153.004483
1571 3691.564716 3427.976526 153.004483
1572 3693.040542 3428.244737 153.254483
1573 3693.286513 3428.289439 153.256983
1574 3694.762339 3428.557651 153.506983
1575 3695.008310 3428.602352 153.509483
1576 3696.228908 3428.824180 153.716248
# Sta: 10256.000 - Top Surface 2
1577 3679.230634 3438.094155 153.472333
1578 3679.527175 3438.148047 153.547683
1579 3683.425717 3438.856554 153.613723
1580 3687.324260 3439.565061 153.547683
1581 3689.095251 3439.886914 153.247683
1582 3689.390416 3439.940556 153.247683
1583 3690.866242 3440.208768 153.497683
1584 3691.112213 3440.253470 153.500183
1585 3692.588040 3440.521681 153.750183
1586 3692.834011 3440.566383 153.752683
1587 3693.720729 3440.727532 153.902890
# Sta: 10256.500 - Top Surface 2
1588 3679.116388 3438.581582 153.476021
1589 3679.437771 3438.639989 153.557683
1590 3683.336314 3439.348496 153.623723
1591 3687.234856 3440.057003 153.557683
1592 3689.005847 3440.378856 153.257683
1593 3689.301013 3440.432498 153.257683
1594 3690.776839 3440.700710 153.507683
1595 3691.022810 3440.745412 153.510183
1596 3692.498636 3441.013623 153.760183
1597 3692.744607 3441.058325 153.762683
1598 3693.585741 3441.211189 153.905168

